1739883600000	1739890800000	7200
1739890800000	1739898000000	7200
1739973600000	1739977200000	3600
1739977200000	1739984400000	7200
1740018600000	1740024000000	5400
1740076200000	1740085200000	9000
1740182400000	1740198600000	16200
1740319200000	1740322800000	3600
1740322800000	1740330000000	7200
1740400200000	1740403800000	3600
1740492000000	1740495600000	3600
1740495600000	1740502800000	7200
1740537000000	1740542400000	5400
1740560400000	1740576600000	16200
1740623400000	1740628800000	5400
1740657600000	1740668400000	10800
1740668400000	1740679200000	10800
1740751200000	1740754800000	3600
1740754800000	1740762000000	7200
1740969000000	1740988800000	19800
1741055400000	1741060800000	5400
1741098600000	1741100400000	1800
1741100400000	1741111200000	10800
1741141800000	1741145400000	3600
1741167000000	1741170600000	3600
1741201200000	1741208400000	7200
1741228200000	1741233600000	5400
1741269600000	1741273200000	3600
1741273200000	1741287600000	14400
1741314600000	1741318200000	3600
1741350600000	1741354200000	3600
1741381200000	1741408200000	27000
1741573800000	1741579200000	5400
1741611600000	1741618800000	7200
1741618800000	1741627800000	9000
1741660200000	1741665600000	5400
1741685400000	1741687200000	1800
1741746600000	1741752000000	5400
1741782600000	1741791600000	9000
1741791600000	1741797000000	5400
1741833000000	1741838400000	5400
1741860000000	1741867200000	7200
1741874400000	1741878000000	3600
1741878000000	1741885200000	7200
1741919400000	1741923000000	3600
1741989600000	1742002200000	12600
1742023800000	1742034600000	10800
1742135400000	1742137200000	1800
1742137200000	1742142600000	5400
1742178600000	1742182200000	3600
1742265000000	1742268600000	3600
1742306400000	1742310000000	3600
1742310000000	1742317200000	7200
1742351400000	1742355000000	3600
1742437800000	1742441400000	3600
1742590800000	1742612400000	21600
1742626800000	1742637600000	10800
1742783400000	1742788800000	5400
1742839200000	1742850000000	10800
1742869800000	1742875200000	5400
1742925600000	1742936400000	10800
1742956200000	1742961600000	5400
1743019200000	1743022800000	3600
1743042600000	1743048000000	5400
1743129000000	1743134400000	5400
1743201000000	1743217200000	16200
1743244200000	1743253200000	9000
1743278400000	1743283800000	5400
1743388200000	1743391800000	3600
1743444000000	1743454800000	10800
1743530400000	1743539400000	9000
1743561000000	1743564600000	3600
1743647400000	1743651000000	3600
1743670800000	1743674400000	3600
1743705000000	1743714000000	9000
1743804000000	1743825600000	21600
1743895800000	1743910200000	14400
1743993000000	1743996600000	3600
1744115400000	1744122600000	7200
1744142400000	1744146000000	3600
1744167600000	1744171200000	3600
1744191000000	1744198200000	7200
1744221600000	1744232400000	10800
1744252200000	1744255800000	3600
1744315200000	1744318800000	3600
1744407000000	1744417800000	10800
1744443000000	1744459200000	16200
1744597800000	1744603200000	5400
1744655400000	1744662600000	7200
1744684200000	1744687800000	3600
1744745400000	1744749000000	3600
1744770600000	1744774200000	3600
1744804800000	1744812000000	7200
1744828200000	1744835400000	7200
1744857000000	1744860600000	3600
1744918200000	1744921800000	3600
1744943400000	1744947000000	3600
1745015400000	1745035200000	19800
1745109000000	1745123400000	14400
1745202600000	1745208000000	5400
1745263800000	1745269200000	5400
1745289000000	1745294400000	5400
1745334000000	1745344800000	10800
1745375400000	1745380800000	5400
1745433000000	1745442000000	9000
1745461800000	1745465400000	3600
1745548200000	1745551800000	3600
1745620200000	1745638200000	18000
1745807400000	1745811000000	3600
1745845200000	1745852400000	7200
1745852400000	1745863200000	10800
1745893800000	1745897400000	3600
1745911800000	1745917200000	5400
1746050400000	1746072000000	21600
1746307800000	1746327600000	19800
1746394200000	1746414000000	19800
1746473400000	1746498600000	25200
1746556200000	1746567000000	10800
1746585000000	1746588600000	3600
1746642600000	1746653400000	10800
1746671400000	1746675000000	3600
1746729000000	1746739800000	10800
1746757800000	1746761400000	3600
1746837000000	1746856800000	19800
1746862200000	1746880200000	18000
1746918000000	1746936000000	18000
1746986400000	1746997200000	10800
1747017000000	1747020600000	3600
1747189800000	1747193400000	3600
1747245600000	1747256400000	10800
1747276200000	1747279800000	3600
1747332000000	1747342800000	10800
1747362600000	1747366200000	3600
1747591200000	1747602000000	10800
1747621800000	1747625400000	3600
1747677600000	1747690200000	12600
1747708200000	1747711800000	3600
1747764000000	1747776600000	12600
1747794600000	1747798200000	3600
1747857600000	1747863000000	5400
1747881000000	1747884600000	3600
1747936800000	1747947600000	10800
1747967400000	1747971000000	3600
1748044800000	1748059200000	14400
1748062800000	1748082600000	19800
1748124000000	1748131200000	7200
1748196000000	1748206800000	10800
1748226600000	1748230200000	3600
1748282400000	1748287800000	5400
1748523600000	1748529000000	5400
1748543400000	1748554200000	10800
1748728800000	1748745000000	16200
1748831400000	1748836800000	5400
1748872800000	1748876400000	3600
1748901600000	1748921400000	19800
1748973600000	1748986200000	12600
1749060000000	1749072600000	12600
1749168000000	1749182400000	14400
1749330000000	1749337200000	7200
1749340800000	1749344400000	3600
1749436200000	1749441600000	5400
1749463200000	1749470400000	7200
1749483000000	1749495600000	12600
1749522600000	1749526200000	3600
1749612600000	1749616200000	3600
1749618000000	1749643200000	25200
1749664800000	1749677400000	12600
1749753000000	1749763800000	10800
1750300200000	1750305600000	5400
1750327200000	1750334400000	7200
1750339800000	1750343400000	3600
1750359600000	1750366800000	7200
1750458600000	1750464000000	5400
1750548600000	1750563000000	14400
1750622400000	1750627800000	5400
1750645800000	1750651200000	5400
1750732200000	1750737600000	5400
1750757400000	1750762800000	5400
1750780800000	1750788000000	7200
1750878000000	1750887000000	9000
1750991400000	1750995000000	3600
1751065200000	1751085000000	19800
1751088600000	1751104800000	16200
1751148000000	1751166000000	18000
1751221800000	1751232600000	10800
1751308200000	1751319000000	10800
1751337000000	1751342400000	5400
1751394600000	1751405400000	10800
1751479200000	1751486400000	7200
1751493600000	1751497200000	3600
1751509800000	1751513400000	3600
1751567400000	1751576400000	9000
1751596200000	1751599800000	3600
1751752800000	1751770800000	18000
1751911200000	1751923800000	12600
1751941800000	1751947200000	5400
1752010200000	1752017400000	7200
1752058800000	1752073200000	14400
1752073200000	1752084000000	10800
1752114600000	1752120000000	5400
1752170400000	1752183000000	12600
1752201000000	1752206400000	5400
1752274800000	1752292800000	18000
1752296400000	1752307200000	10800
1752357600000	1752375600000	18000
1752429600000	1752442200000	12600
1752460200000	1752463800000	3600
1752546600000	1752550200000	3600
1752633000000	1752638400000	5400
1752688800000	1752701400000	12600
1752719400000	1752723000000	3600
1752748200000	1752755400000	7200
1752780600000	1752787800000	7200
1752962400000	1752980400000	18000
1753036200000	1753047000000	10800
1753065000000	1753070400000	5400
1753122600000	1753133400000	10800
1753151400000	1753156800000	5400
1753264800000	1753272000000	7200
1753275600000	1753282800000	7200
1753282800000	1753290000000	7200
1753324200000	1753329600000	5400
1753362000000	1753369200000	7200
1753369200000	1753378200000	9000
1753455600000	1753462800000	7200
1753551000000	1753565400000	14400
1753669800000	1753675200000	5400
1753725600000	1753738200000	12600
1753756200000	1753761600000	5400
1753842600000	1753848000000	5400
1753903800000	1753911000000	7200
1753929000000	1753934400000	5400
1753956000000	1753966800000	10800
1753993800000	1753997400000	3600
1754015400000	1754020800000	5400
1754087400000	1754092800000	5400
1754173800000	1754179200000	5400
1754209800000	1754217000000	7200
1754226000000	1754233200000	7200
1754245800000	1754256600000	10800
1754274600000	1754280000000	5400
1754319600000	1754343000000	23400
1754332200000	1754343000000	10800
1754361000000	1754366400000	5400
1754456400000	1754470800000	14400
1754505000000	1754515800000	10800
1754533800000	1754539200000	5400
1754645400000	1754649000000	3600
1754676000000	1754690400000	14400
1754776800000	1754794800000	18000
1754798400000	1754811000000	12600
1754879400000	1754884800000	5400
1754965800000	1754969400000	3600
1754991000000	1754998200000	7200
1755027000000	1755034200000	7200
1755052200000	1755057600000	5400
1755108000000	1755118800000	10800
1755138600000	1755144000000	5400
1755302400000	1755315000000	12600
1755320400000	1755338400000	18000
1755378000000	1755388800000	10800
1755484200000	1755489600000	5400
1755570600000	1755576000000	5400
1755626400000	1755637200000	10800
1755743400000	1755748800000	5400
1755799200000	1755810000000	10800
1755829800000	1755835200000	5400
1756089000000	1756094400000	5400
1756175400000	1756180800000	5400
1756233000000	1756243800000	10800
1756261800000	1756267200000	5400
1756348200000	1756353600000	5400
1756409400000	1756416600000	7200
1756494000000	1756504800000	10800
1756512000000	1756530000000	18000
1756533600000	1756540800000	7200
1756598400000	1756609200000	10800
1756670400000	1756675800000	5400
1756693800000	1756699200000	5400
1756756800000	1756762200000	5400
1756780200000	1756785600000	5400
1756843200000	1756848600000	5400
1756866600000	1756872000000	5400
1756929600000	1756935000000	5400
1756953000000	1756958400000	5400
1757016000000	1757021400000	5400
1757039400000	1757044800000	5400
1757116800000	1757134800000	18000
1757138400000	1757145600000	7200
1757203200000	1757214000000	10800
1757275200000	1757280600000	5400
1757298600000	1757304000000	5400
1757361600000	1757367000000	5400
1757385000000	1757390400000	5400
1757448000000	1757453400000	5400
1757471400000	1757476800000	5400
1757541600000	1757545200000	3600
1757620800000	1757626200000	5400
1757786400000	1757797200000	10800
1757880000000	1757885400000	5400
1757903400000	1757908800000	5400
1757966400000	1757971800000	5400
1757989800000	1757995200000	5400
1758052800000	1758058200000	5400
1758076200000	1758081600000	5400
1758139200000	1758144600000	5400
1758162600000	1758168000000	5400
1758394800000	1758402000000	7200
1758484800000	1758490200000	5400
1758547800000	1758553200000	5400
1758553200000	1758565800000	12600
1758594600000	1758600000000	5400
1758657600000	1758663000000	5400
1758681000000	1758686400000	5400
1758767400000	1758772800000	5400
1758808800000	1758812400000	3600
1758898800000	1758916800000	18000
1758997800000	1759008600000	10800
1759014000000	1759026600000	12600
1759084200000	1759093200000	9000
1759113000000	1759118400000	5400
1759150800000	1759158000000	7200
1759170600000	1759181400000	10800
1759285800000	1759291200000	5400
1759327200000	1759330800000	3600
1759417200000	1759435200000	18000
1759442400000	1759453200000	10800
1759536000000	1759546800000	10800
1759550400000	1759561200000	10800
1759602600000	1759618800000	16200
1759788000000	1759806000000	18000
1759962600000	1759971600000	9000
1759998600000	1760002200000	3600
1760034600000	1760045400000	10800
1760063400000	1760068800000	5400
1760218200000	1760232600000	14400
1760322600000	1760328000000	5400
1760349600000	1760355000000	5400
1760382000000	1760389200000	7200
1760409000000	1760414400000	5400
1760468400000	1760475600000	7200
1760495400000	1760500800000	5400
1760554800000	1760562000000	7200
1760581800000	1760587200000	5400
1760932800000	1760947200000	14400
1761013800000	1761019200000	5400
1761051600000	1761058800000	7200
1761058800000	1761073200000	14400
1761100200000	1761105600000	5400
1761157800000	1761168600000	10800
1761186600000	1761192000000	5400
1761244200000	1761255000000	10800
1761417000000	1761427800000	10800
1761503400000	1761514200000	10800
1761532200000	1761537600000	5400
1761586200000	1761600600000	14400
1761618600000	1761624000000	5400
1761742800000	1761750000000	7200
1761750000000	1761751800000	1800
1761791400000	1761796800000	5400
1761834600000	1761836400000	1800
1761836400000	1761847200000	10800
1761877800000	1761883200000	5400
1762038000000	1762052400000	14400
1762106400000	1762117200000	10800
1762137000000	1762142400000	5400
1762192800000	1762203600000	10800
1762223400000	1762228800000	5400
1762261200000	1762268400000	7200
1762268400000	1762282800000	14400
1762309800000	1762315200000	5400
1762365600000	1762376400000	10800
1762396200000	1762401600000	5400
1762482600000	1762488000000	5400
1762617600000	1762630200000	12600
1762741800000	1762747200000	5400
1762799400000	1762808400000	9000
1762828200000	1762833600000	5400
1762885800000	1762894800000	9000
1762914600000	1762920000000	5400
1762952400000	1762959600000	7200
1762959600000	1762974000000	14400
1763001000000	1763006400000	5400
1763125200000	1763128800000	3600
1763211600000	1763218800000	7200
1763218800000	1763222400000	3600
1763242200000	1763249400000	7200
1763346600000	1763352000000	5400
1763400600000	1763413200000	12600
1763433000000	1763438400000	5400
1763465400000	1763470800000	5400
1763519400000	1763524800000	5400
1763575200000	1763586000000	10800
1763605800000	1763611200000	5400
1763643600000	1763650800000	7200
1763650800000	1763665200000	14400
1763874000000	1763884800000	10800
1763895600000	1763902800000	7200
1763825400000	1763832600000	7200
1763917200000	1763935200000	18000
1764003600000	1764021600000	18000
1764090000000	1764108000000	18000
1764176400000	1764194400000	18000
1764297000000	1764302400000	5400
1764486000000	1764493200000	7200
1764507600000	1764514800000	7200
1764514800000	1764532800000	18000
1764556200000	1764561600000	5400
1764579600000	1764583200000	3600
1764612000000	1764619200000	7200
1764642600000	1764648000000	5400
1764666000000	1764669600000	3600
1764698400000	1764705600000	7200
1764729000000	1764734400000	5400
1764774000000	1764783000000	9000
1764815400000	1764820800000	5400
1764840600000	1764847800000	7200
1764860400000	1764871200000	10800
1765130400000	1765137600000	7200
1765161000000	1765166400000	5400
1765202400000	1765206000000	3600
1765206000000	1765218600000	12600
1765247400000	1765252800000	5400
1765333800000	1765339200000	5400
1765364400000	1765375200000	10800
1765420200000	1765425600000	5400
1765506600000	1765512000000	5400
1765634400000	1765638000000	3600
1765638000000	1765648800000	10800
1765765800000	1765771200000	5400
1765821600000	1765828800000	7200
1765834200000	1765839600000	5400
1765852200000	1765857600000	5400
1765972800000	1765978200000	5400
1765996200000	1766001600000	5400
1766111400000	1766116800000	5400
1766190600000	1766199600000	9000
1766203200000	1766215800000	12600
1766340000000	1766347200000	7200
1766352600000	1766359800000	7200
1766370600000	1766376000000	5400
1766426400000	1766433600000	7200
1766439000000	1766446200000	7200
1766457000000	1766462400000	5400
1766498400000	1766502000000	3600
1766502000000	1766509200000	7200
1766543400000	1766548800000	5400
1766581200000	1766588400000	7200
1766620800000	1766624400000	3600
1766658600000	1766665800000	7200
1766716200000	1766721600000	5400
1766750400000	1766761200000	10800
1766761200000	1766764800000	3600
1766975400000	1766980800000	5400
1767061800000	1767067200000	5400
1767070800000	1767088800000	18000
1767119400000	1767124800000	5400
1767132000000	1767135600000	3600
1767216600000	1767236400000	19800
1767321000000	1767326400000	5400
1767366000000	1767376800000	10800
1767456000000	1767466800000	10800
1767470400000	1767477600000	7200
1767479400000	1767483000000	3600
1767493800000	1767501000000	7200
1767519000000	1767526200000	7200
1767531600000	1767538800000	7200
1767538800000	1767542400000	3600
1767580200000	1767585600000	5400
1767691800000	1767695400000	3600
1767753000000	1767758400000	5400
1767776400000	1767794400000	18000
1767799800000	1767808800000	9000
1767839400000	1767844800000	5400
1767877200000	1767884400000	7200
1767884400000	1767895200000	10800
1767925800000	1767931200000	5400
1767963600000	1767970800000	7200
1768057200000	1768064400000	7200
1768111200000	1768123800000	12600
1768129200000	1768140000000	10800
1768185000000	1768190400000	5400
1768411800000	1768422600000	10800
1768444200000	1768449600000	5400
1768530600000	1768536000000	5400
1768604400000	1768622400000	18000
1768687200000	1768707000000	19800
1768757400000	1768766400000	9000
1768789800000	1768795200000	5400
1768843800000	1768854600000	10800
1768876200000	1768881600000	5400
1768968000000	1768975200000	7200
1768987800000	1768995000000	7200
1769009400000	1769025600000	16200
1769049000000	1769054400000	5400
1769135400000	1769140800000	5400
1769209200000	1769223600000	14400
1769227200000	1769238000000	10800
1769290200000	1769308200000	18000
1769364000000	1769374800000	10800
1769394600000	1769400000000	5400
1769481000000	1769486400000	5400
1769513400000	1769526000000	12600
1769538600000	1769544000000	5400
1769567400000	1769572800000	5400
1769594400000	1769605200000	10800
1769653800000	1769659200000	5400
1769740200000	1769745600000	5400
1769814000000	1769828400000	14400
1769832000000	1769850000000	18000
1769898600000	1769914800000	16200
1769999400000	1770004800000	5400
1770053400000	1770062400000	9000
1770069600000	1770073200000	3600
1770085800000	1770091200000	5400
1770118200000	1770123600000	5400
1770141600000	1770148800000	7200
1770156000000	1770159600000	3600
1770172200000	1770177600000	5400
1770204600000	1770210000000	5400
1770220800000	1770235200000	14400
1770242400000	1770246000000	3600
1770258600000	1770264000000	5400
1770325200000	1770336000000	10800
1770341400000	1770345000000	3600
1770541200000	1770548400000	7200
1770636600000	1770649200000	12600
1770649200000	1770660000000	10800
1770949800000	1770955200000	5400
1771023600000	1771041600000	18000
1771102800000	1771124400000	21600
1771147800000	1771160400000	12600
1771189200000	1771210800000	21600
1771281000000	1771288200000	7200
1771300800000	1771308000000	7200
1771371000000	1771385400000	14400
1771417800000	1771426800000	9000
1771426800000	1771432200000	5400
1771468200000	1771473600000	5400
1771491600000	1771509600000	18000
1771516800000	1771531200000	14400
1771626600000	1771642800000	16200
1771678800000	1771686000000	7200
1771686000000	1771696800000	10800
1771713000000	1771725600000	12600
1771740000000	1771756200000	16200
1771813800000	1771819200000	5400
1771853400000	1771858800000	5400
1771858800000	1771876800000	18000
1771936200000	1771943400000	7200
1771956000000	1771966800000	10800
1771986600000	1771992000000	5400
1772042400000	1772053200000	10800
1772073000000	1772078400000	5400
1772188200000	1772195400000	7200
1772199000000	1772204400000	5400
1772204400000	1772211600000	7200
1772366400000	1772377200000	10800
1772402400000	1772406000000	3600
1772449200000	1772463600000	14400
1772463600000	1772478000000	14400
1772560800000	1772568000000	7200
1772591400000	1772596800000	5400
1772616600000	1772620200000	3600
1772649000000	1772654400000	5400
1772661600000	1772665200000	3600
1772677800000	1772683200000	5400
1772764200000	1772769600000	5400
1772834400000	1772841600000	7200
1772906400000	1772919000000	12600
1772922600000	1772938800000	16200
1772992800000	1772998200000	5400
1773023400000	1773028800000	5400
1773057600000	1773068400000	10800
1773068400000	1773077400000	9000
1773109800000	1773115200000	5400
1773144000000	1773151200000	7200
1773165600000	1773172800000	7200
1773196200000	1773201600000	5400
1773234000000	1773241200000	7200
1773241200000	1773252000000	10800
1773289800000	1773309600000	19800
1773369000000	1773374400000	5400
1773525600000	1773543600000	18000
1773597600000	1773604800000	7200
1773628200000	1773633600000	5400
1773684000000	1773691200000	7200
1773714600000	1773720000000	5400
1773772200000	1773790200000	18000
1773838800000	1773846000000	7200
1773846000000	1773853200000	7200
1773887400000	1773892800000	5400
1773871200000	1773878400000	7200
1773945000000	1773950400000	5400
1773973800000	1773979200000	5400
1774184400000	1774191600000	7200
1774191600000	1774202400000	10800
1774206000000	1774213200000	7200
1774233000000	1774238400000	5400
1774319400000	1774324800000	5400
1774346400000	1774353600000	7200
1774360800000	1774364400000	3600
1774364400000	1774373400000	9000
1774461600000	1774468800000	7200
1774492200000	1774497600000	5400
1774578600000	1774584000000	5400
1774706400000	1774710000000	3600
1774710000000	1774717200000	7200
1774780200000	1774787400000	7200
1774803600000	1774814400000	10800
1774821600000	1774825200000	3600
1774837800000	1774843200000	5400
1774893600000	1774904400000	10800
1774924200000	1774929600000	5400
1774980000000	1774990800000	10800
1775010600000	1775016000000	5400
1775066400000	1775077200000	10800
1775097000000	1775102400000	5400
1775152800000	1775163600000	10800
1775183400000	1775188800000	5400
1775412000000	1775422800000	10800
1775442600000	1775448000000	5400
1775498400000	1775509200000	10800
1775529000000	1775534400000	5400
1775615400000	1775620800000	5400
1775653200000	1775660400000	7200
1775660400000	1775669400000	9000
1775701800000	1775707200000	5400
1775739600000	1775746800000	7200
1775746800000	1775833200000	86400
1775788200000	1775793600000	5400
1776016800000	1776027600000	10800
1776047400000	1776052800000	5400
1776103200000	1776114000000	10800
1776133800000	1776139200000	5400
1776175200000	1776178800000	3600
1776178800000	1776196800000	18000
1776220200000	1776225600000	5400
1776306600000	1776312000000	5400
1776331800000	1776344400000	12600
1776348000000	1776351600000	3600
1776351600000	1776362400000	10800
1776393000000	1776398400000	5400
1776616200000	1776623400000	7200
1776652200000	1776657600000	5400
1776738600000	1776744000000	5400
1776780000000	1776783600000	3600
1776783600000	1776787200000	3600
1776825000000	1776830400000	5400
1776880800000	1776891600000	10800
1776911400000	1776916800000	5400
1776967200000	1776978000000	10800
1776997800000	1777003200000	5400
1777084200000	1777089600000	5400
1777096800000	1777111200000	14400
1777154400000	1777172400000	18000
1777257000000	1777262400000	5400
1777298400000	1777302000000	3600
1777302000000	1777312800000	10800
1777343400000	1777348800000	5400
1777429800000	1777435200000	5400
1777467600000	1777474800000	7200
1777474800000	1777478400000	3600
1777554000000	1777561200000	7200
1777602600000	1777608000000	5400
1777680000000	1777689000000	9000
1777690800000	1777703400000	12600
1777705200000	1777710600000	5400
1777766400000	1777779000000	12600
1777813200000	1777820400000	7200
1777820400000	1777827600000	7200
1777861800000	1777867200000	5400
1777899600000	1777906800000	7200
1777906800000	1777914000000	7200
1777948200000	1777953600000	5400
1777986000000	1777993200000	7200
1778034600000	1778040000000	5400
1778072400000	1778079600000	7200
1778121000000	1778126400000	5400
1778142600000	1778153400000	10800
1778166000000	1778175000000	9000
1778207400000	1778212800000	5400
1778286600000	1778301000000	14400
1778367600000	1778382000000	14400
1778425200000	1778434200000	9000
1778466600000	1778472000000	5400
1778504400000	1778511600000	7200
1778511600000	1778518800000	7200
1778553000000	1778558400000	5400
1778590800000	1778598000000	7200
1778639400000	1778644800000	5400
1778680800000	1778684400000	3600
1778684400000	1778695200000	10800
1778725800000	1778731200000	5400
1778850000000	1778857200000	7200
1779559200000	1779577200000	18000
1779645600000	1779656400000	10800
1779676200000	1779681600000	5400
1779732000000	1779742800000	10800
1779762600000	1779768000000	5400
1779818400000	1779829200000	10800
1779849000000	1779854400000	5400
1779904800000	1779915600000	10800
1779935400000	1779940800000	5400
1779991200000	1780002000000	10800
1780021800000	1780027200000	5400
1780093800000	1780111800000	18000
1780117200000	1780128000000	10800
1780178400000	1780192800000	14400
1780250400000	1780261200000	10800
1780281000000	1780286400000	5400
1780336800000	1780347600000	10800
1780367400000	1780372800000	5400
1780430400000	1780441200000	10800
1780540200000	1780545600000	5400
1780578000000	1780585200000	7200
1780585200000	1780592400000	7200
1780626600000	1780632000000	5400
1780732800000	1780738200000	5400
1780790400000	1780801200000	10800
1780885800000	1780891200000	5400
1780923600000	1780930800000	7200
1780930800000	1780934400000	3600
1780972200000	1780977600000	5400
1780993800000	1781002800000	9000
1781031600000	1781038800000	7200
1781058600000	1781064000000	5400
1781100000000	1781103600000	3600
1781103600000	1781107200000	3600
1781145000000	1781150400000	5400
1781182800000	1781190000000	7200
1781200800000	1781211600000	10800
1781231400000	1781236800000	5400
1781301600000	1781319600000	18000
1781323200000	1781341200000	18000
1781386200000	1781402400000	16200
1781460000000	1781470800000	10800
1781490600000	1781496000000	5400
1781546400000	1781557200000	10800
1781577000000	1781582400000	5400
1781600400000	1781607600000	7200
1781622000000	1781629200000	7200
1781663400000	1781668800000	5400
1781704800000	1781708400000	3600
1781708400000	1781715600000	7200
1781749800000	1781755200000	5400
1781805600000	1781816400000	10800
1781836200000	1781841600000	5400
1781978400000	1781989200000	10800
1782009000000	1782014400000	5400
1782064800000	1782075600000	10800
1782095400000	1782100800000	5400
1782151200000	1782162000000	10800
1782181800000	1782187200000	5400
1782237600000	1782248400000	10800
1782268200000	1782273600000	5400
1782324000000	1782334800000	10800
1782354600000	1782360000000	5400
1782410400000	1782421200000	10800
1782441000000	1782446400000	5400
1782594000000	1782601200000	7200
1782655200000	1782658800000	3600
1782700200000	1782705600000	5400
1782741600000	1782745200000	3600
1782745200000	1782750600000	5400
1782786600000	1782792000000	5400
1782815400000	1782826200000	10800
1782831600000	1782838800000	7200
1782873000000	1782878400000	5400
1782928800000	1782939600000	10800
1782959400000	1782964800000	5400
1783045800000	1783051200000	5400
1783119600000	1783137600000	18000
1783141200000	1783157400000	16200
1783184400000	1783191600000	7200
1783274400000	1783285200000	10800
1783305000000	1783310400000	5400
1783360800000	1783371600000	10800
1783391400000	1783396800000	5400
1783447200000	1783458000000	10800
1783477800000	1783483200000	5400
1783533600000	1783544400000	10800
1783564200000	1783569600000	5400
1783620000000	1783630800000	10800
1783650600000	1783656000000	5400
1783724400000	1783738800000	14400
1783746000000	1783760400000	14400
1783810800000	1783825200000	14400
1783879200000	1783890000000	10800
1783909800000	1783915200000	5400
1783965600000	1783976400000	10800
1783996200000	1784001600000	5400
1784052000000	1784062800000	10800
1784082600000	1784088000000	5400
1784169000000	1784174400000	5400
1784255400000	1784260800000	5400
1784332800000	1784349000000	16200
1784419200000	1784431800000	12600
1784514600000	1784520000000	5400
1784550600000	1784559600000	9000
1784559600000	1784570400000	10800
1784601000000	1784606400000	5400
1784674800000	1784689200000	14400
1784692800000	1784714400000	21600
1784743200000	1784754000000	10800
1784860200000	1784865600000	5400
1784952000000	1784959200000	7200
1785020400000	1785034800000	14400
1785038400000	1785056400000	18000
1785119400000	1785124800000	5400
1785205800000	1785211200000	5400
1785243600000	1785247200000	3600
1785292200000	1785297600000	5400
1785321000000	1785335400000	14400
1785378600000	1785384000000	5400
1785416400000	1785423600000	7200
1785423600000	1785430800000	7200
1785465000000	1785470400000	5400
1785538800000	1785555000000	16200
1785558600000	1785573000000	14400
1785625200000	1785639600000	14400
1785724200000	1785729600000	5400
1785810600000	1785816000000	5400
1785848400000	1785852000000	3600
1785897000000	1785902400000	5400
1785925800000	1785940200000	14400
1785983400000	1785988800000	5400
1786021200000	1786028400000	7200
1786057200000	1786073400000	16200
1786163400000	1786177800000	14400
1786230000000	1786246200000	16200
1786300200000	1786311000000	10800
1786329000000	1786334400000	5400
1786415400000	1786420800000	5400
1786501800000	1786507200000	5400
1786588200000	1786593600000	5400
1786644000000	1786654800000	10800
1786746600000	1786764600000	18000
1786809600000	1786816800000	7200
1786896000000	1786903200000	7200
1786982400000	1786989600000	7200
1787068800000	1787076000000	7200
1787155200000	1787162400000	7200
1787241600000	1787248800000	7200
1787328000000	1787335200000	7200
1787414400000	1787421600000	7200
1787500800000	1787508000000	7200
1787587200000	1787594400000	7200
1787673600000	1787680800000	7200
1787760000000	1787767200000	7200
1787846400000	1787853600000	7200
1787932800000	1787940000000	7200
1788019200000	1788026400000	7200
1788105600000	1788112800000	7200
1788192000000	1788199200000	7200
1788278400000	1788285600000	7200
1788364800000	1788372000000	7200
1788451200000	1788458400000	7200
1788537600000	1788544800000	7200
1788624000000	1788631200000	7200
1788710400000	1788717600000	7200
1788796800000	1788804000000	7200
1788883200000	1788890400000	7200
1788969600000	1788976800000	7200
1789056000000	1789063200000	7200
1789142400000	1789149600000	7200
1789228800000	1789236000000	7200
1789315200000	1789322400000	7200
1789401600000	1789408800000	7200
1789488000000	1789495200000	7200
1789574400000	1789581600000	7200
1789660800000	1789668000000	7200
1789747200000	1789754400000	7200
1789833600000	1789840800000	7200
1789920000000	1789927200000	7200
1790006400000	1790013600000	7200
1790092800000	1790100000000	7200
1790179200000	1790186400000	7200
1790265600000	1790272800000	7200
1790352000000	1790359200000	7200
1790438400000	1790445600000	7200
1790524800000	1790532000000	7200
1790611200000	1790618400000	7200
1790697600000	1790704800000	7200
1790784000000	1790791200000	7200
1790870400000	1790877600000	7200
1790956800000	1790964000000	7200
1791043200000	1791050400000	7200
1791129600000	1791136800000	7200
1791216000000	1791223200000	7200
1791302400000	1791309600000	7200
1791388800000	1791396000000	7200
1791475200000	1791482400000	7200
1791601200000	1791622800000	21600
